1
3.33333333333333350000
3.53333333333333320000
3.91999999999999990000

2
0.84888888888888892000
2.46222222222222250000
4.84533333333333350000

3
0.89748148148148132000
2.08237037037037040000
4.98755555555555570000

4
0.97669135802469143000
2.00963950617283960000
5.00080592592592590000

5
0.99651818930041147000
2.00037399176954710000
5.00054676543209900000

6
0.99969308093278464000
1.99984267764060350000
5.00012431275720190000

7
1.00001100320073170000
1.99994807425697310000
5.00001856965706450000

8
1.00001111869532090000
1.99999034839811010000
5.00000163690169150000

9
1.00000267156673290000
1.99999881092597680000
4.99999994131626300000

10
1.00000041591925350000
1.99999994028964420000
4.99999994070029170000

11
1.00000003967002130000
2.00000001578587880000
4.99999998575164460000

12
0.99999999948749208000
2.00000000580184350000
4.99999999778176460000

13
0.99999999880546397000
2.00000000112620140000
4.99999999978842700000

14
0.99999999969512388000
2.00000000014560440000
5.00000000000273380000

15
0.99999999995055389000
2.00000000000879560000
5.00000000000637090000

16
0.99999999999494449000
1.99999999999846280000
5.00000000000162630000

17
0.99999999999997036000
1.99999999999935560000
5.00000000000026380000

18
1.00000000000012680000
1.99999999999986920000
5.00000000000002660000

19
1.00000000000003460000
1.99999999999998220000
5.00000000000000000000

20
1.00000000000000600000
1.99999999999999890000
4.99999999999999910000

21
1.00000000000000070000
2.00000000000000040000
5.00000000000000000000

